1 1.04718
2 1.61112
3 1.08749
4 0.594461
5 0.290451
6 0.254284
7 0.396643
8 0.612409
9 0.835657
10 0.36258
11 0.242931
12 0.320409
13 0.442345
14 0.425953
15 1.10543
16 0.543681
17 0.444926
18 0.426832
19 0.257413
20 0.382247
21 0.345761
22 0.224941
23 0.928683
24 0.260215
25 0.657419
26 0.552709
27 0.22776
28 0.226054
29 0.919447
40 0.388008
60 0.268591
80 0.171077
100 0.184564
120 0.130423
140 0.0731195
160 0.0219379
180 0.0142912
200 0.0193303
220 0.023047
240 0.0119792
260 0.0168947
280 0.0157233
300 0.0177646
320 0.0156445
340 0.026517
360 0.0210596
380 0.0201606
400 0.021
